metrics:
  mrr: 0.611111111111111
  ndcg_at_5: 0.7103099178571526
  p95_latency_ms: 11.47012710571289
  recall_at_5: 1.0
retrieval:
  hybrid_weight: 0.9148118624570614
  k: 15
  normalization: minmax
  svd_dim: 300
